f = 0.12494999999998617
b = 10.555527146441095
s = 0.43674939526400824